Date,Open,High,Low,Close,Volume
22-Nov-16,8.67,8.72,8.50,8.56,639281
21-Nov-16,8.22,8.39,8.22,8.35,273672
18-Nov-16,8.28,8.33,8.14,8.23,291880
17-Nov-16,8.00,8.28,7.98,8.27,586037
16-Nov-16,7.90,7.98,7.82,7.94,213394
15-Nov-16,8.00,8.04,7.81,7.91,440113
14-Nov-16,7.95,8.10,7.89,8.00,354085
11-Nov-16,7.72,8.03,7.70,7.84,567255
10-Nov-16,7.79,7.94,7.58,7.73,393580
9-Nov-16,7.51,7.74,7.40,7.70,567494
8-Nov-16,7.64,7.74,7.58,7.64,484398
7-Nov-16,7.67,7.70,7.58,7.64,568699
4-Nov-16,7.52,7.58,7.39,7.44,522064
3-Nov-16,7.63,7.67,7.45,7.49,492131
2-Nov-16,7.59,7.82,7.56,7.63,436846
1-Nov-16,7.66,7.83,7.47,7.65,815961
31-Oct-16,7.88,7.90,7.30,7.66,1494001
28-Oct-16,8.25,8.28,6.35,7.47,3750311
27-Oct-16,9.22,9.26,8.97,8.99,465698
26-Oct-16,9.06,9.21,8.97,9.08,371619
25-Oct-16,9.46,9.54,8.92,9.05,739971
24-Oct-16,9.50,9.64,9.46,9.49,528840
21-Oct-16,9.40,9.58,9.31,9.50,245253
20-Oct-16,9.41,9.56,9.41,9.46,158371
19-Oct-16,9.50,9.60,9.41,9.47,187110
18-Oct-16,9.58,9.71,9.40,9.44,192464
17-Oct-16,9.39,9.53,9.39,9.50,169389
14-Oct-16,9.48,9.54,9.35,9.39,345121
13-Oct-16,9.49,9.50,9.35,9.45,253017
12-Oct-16,9.70,9.82,9.44,9.54,251529
11-Oct-16,10.06,10.06,9.62,9.67,265255
10-Oct-16,9.86,10.10,9.86,10.08,255949
7-Oct-16,9.74,10.28,9.62,9.92,503506
6-Oct-16,9.71,9.77,9.52,9.75,438231
5-Oct-16,9.96,10.06,9.74,9.81,1243267
4-Oct-16,10.71,10.86,10.61,10.64,241089
3-Oct-16,10.69,10.78,10.58,10.77,309342
30-Sep-16,10.53,10.86,10.46,10.69,671743
29-Sep-16,10.59,10.66,10.42,10.50,267511
28-Sep-16,10.54,10.65,10.46,10.60,256911
27-Sep-16,10.35,10.61,10.32,10.59,412765
26-Sep-16,10.50,10.50,10.27,10.31,247765
23-Sep-16,10.53,10.62,10.36,10.53,329477
22-Sep-16,10.52,10.64,10.43,10.54,559364
21-Sep-16,10.33,10.50,10.24,10.49,291584
20-Sep-16,10.41,10.49,10.28,10.28,274643
19-Sep-16,10.26,10.44,10.19,10.39,492283
16-Sep-16,10.15,10.25,10.10,10.20,421085
15-Sep-16,9.95,10.35,9.94,10.22,580393
14-Sep-16,9.82,10.03,9.78,9.92,306041
13-Sep-16,10.07,10.11,9.56,9.81,534326
12-Sep-16,9.85,10.23,9.66,10.17,612026
9-Sep-16,10.11,10.25,9.83,9.90,490423
8-Sep-16,10.24,10.28,10.14,10.20,320386
7-Sep-16,10.10,10.22,10.08,10.22,657733
6-Sep-16,9.97,10.24,9.97,10.09,589334
2-Sep-16,10.03,10.12,9.96,10.07,465262
1-Sep-16,9.79,10.00,9.79,9.93,506490
31-Aug-16,10.15,10.21,9.72,9.85,712908
30-Aug-16,10.18,10.24,10.02,10.24,693610
29-Aug-16,9.90,10.26,9.87,10.10,1222373
26-Aug-16,9.68,9.88,9.68,9.85,527024
25-Aug-16,9.56,9.83,9.52,9.76,793140
24-Aug-16,9.71,9.85,9.57,9.66,702456
23-Aug-16,9.86,9.90,9.64,9.77,677370
22-Aug-16,9.63,9.86,9.47,9.84,757774
19-Aug-16,9.31,9.68,9.28,9.68,1469121
18-Aug-16,9.00,9.36,9.00,9.30,922172
17-Aug-16,8.65,9.18,8.65,9.05,1991875
16-Aug-16,8.49,8.68,8.45,8.68,586504
15-Aug-16,8.24,8.64,8.21,8.51,897093
12-Aug-16,7.95,8.19,7.94,8.19,655864
11-Aug-16,7.87,8.00,7.84,7.99,498898
10-Aug-16,7.99,8.00,7.78,7.82,614554
9-Aug-16,7.93,8.00,7.90,7.98,439817
8-Aug-16,7.85,7.99,7.85,7.90,341921
5-Aug-16,7.84,7.94,7.76,7.91,505132
4-Aug-16,7.69,7.83,7.53,7.80,507379
3-Aug-16,7.96,7.96,7.63,7.68,705753
2-Aug-16,7.97,8.00,7.83,7.94,554533
1-Aug-16,7.83,8.00,7.78,8.00,442673
29-Jul-16,7.56,7.95,7.46,7.82,812280
28-Jul-16,7.53,7.60,7.50,7.56,573340
27-Jul-16,7.36,7.53,7.36,7.51,583756
26-Jul-16,7.07,7.34,7.06,7.32,455042
25-Jul-16,7.08,7.17,7.03,7.15,263887
22-Jul-16,6.94,7.07,6.91,7.05,288739
21-Jul-16,6.91,7.00,6.89,6.91,368204
20-Jul-16,6.93,6.94,6.83,6.89,382592
19-Jul-16,7.00,7.00,6.86,6.86,205039
18-Jul-16,6.93,7.03,6.91,6.99,177343
15-Jul-16,6.99,7.00,6.90,6.91,211566
14-Jul-16,7.08,7.12,6.94,6.94,231110
13-Jul-16,7.06,7.17,7.01,7.02,294235
12-Jul-16,7.06,7.13,6.97,7.09,443696
11-Jul-16,6.94,7.06,6.94,7.03,331502
8-Jul-16,6.78,6.99,6.75,6.93,463759
7-Jul-16,6.51,6.77,6.51,6.74,322113
6-Jul-16,6.41,6.63,6.34,6.58,216178
5-Jul-16,6.58,6.64,6.45,6.52,277012
1-Jul-16,6.50,6.60,6.47,6.58,286904
30-Jun-16,6.38,6.48,6.36,6.47,293216
29-Jun-16,6.25,6.39,6.23,6.36,307693
28-Jun-16,6.16,6.29,6.12,6.20,413941
27-Jun-16,6.21,6.26,6.05,6.07,509078
24-Jun-16,6.34,6.40,6.25,6.34,1351094
23-Jun-16,6.60,6.66,6.53,6.62,243907
22-Jun-16,6.57,6.63,6.49,6.49,159482
21-Jun-16,6.65,6.71,6.51,6.57,225769
20-Jun-16,6.64,6.78,6.61,6.61,261119
17-Jun-16,6.51,6.59,6.43,6.51,413024
16-Jun-16,6.53,6.60,6.44,6.56,207326
15-Jun-16,6.52,6.72,6.49,6.57,303012
14-Jun-16,6.62,6.69,6.46,6.49,274125
13-Jun-16,6.79,6.83,6.64,6.66,197584
10-Jun-16,6.76,6.94,6.76,6.81,392132
9-Jun-16,6.90,6.91,6.81,6.87,193514
8-Jun-16,6.80,6.96,6.76,6.92,372806
7-Jun-16,6.73,6.83,6.70,6.80,361300
6-Jun-16,6.67,6.80,6.66,6.76,328428
3-Jun-16,6.73,6.73,6.60,6.67,233520
2-Jun-16,6.56,6.75,6.56,6.75,324929
1-Jun-16,6.40,6.65,6.39,6.64,381054
31-May-16,6.40,6.46,6.37,6.46,349426
27-May-16,6.30,6.40,6.24,6.37,183493
26-May-16,6.36,6.38,6.28,6.32,228062
25-May-16,6.31,6.44,6.27,6.35,265819
24-May-16,6.20,6.35,6.16,6.34,474259
23-May-16,6.15,6.22,6.10,6.13,276705
20-May-16,6.06,6.23,6.02,6.22,243121
19-May-16,6.12,6.16,6.00,6.05,172464
18-May-16,6.12,6.21,6.07,6.17,204109
17-May-16,6.25,6.25,6.08,6.12,372135
16-May-16,6.18,6.33,6.18,6.25,300338
13-May-16,6.19,6.28,6.16,6.20,239722
12-May-16,6.26,6.30,6.12,6.18,263058
11-May-16,6.15,6.35,6.15,6.21,332936
10-May-16,6.13,6.20,6.05,6.19,373530
9-May-16,6.09,6.14,6.01,6.07,358693
6-May-16,6.03,6.08,5.93,6.06,299198
5-May-16,6.07,6.11,6.00,6.09,332707
4-May-16,6.02,6.16,5.95,6.01,522063
3-May-16,6.06,6.28,6.00,6.05,655984
2-May-16,5.90,6.20,5.90,6.17,787747
29-Apr-16,6.34,6.43,5.87,5.97,968332
28-Apr-16,6.56,6.78,6.56,6.67,779244
27-Apr-16,6.49,6.68,6.49,6.61,370065
26-Apr-16,6.42,6.50,6.37,6.46,198472
25-Apr-16,6.50,6.50,6.05,6.40,410628
22-Apr-16,6.42,6.54,6.42,6.47,266647
21-Apr-16,6.47,6.51,6.39,6.43,407111
20-Apr-16,6.26,6.44,6.25,6.41,238414
19-Apr-16,6.18,6.32,6.10,6.25,305040
18-Apr-16,6.09,6.16,6.04,6.14,258618
15-Apr-16,6.14,6.17,6.02,6.16,286227
14-Apr-16,6.17,6.18,6.05,6.17,248377
13-Apr-16,5.90,6.21,5.86,6.19,429497
12-Apr-16,5.78,5.92,5.70,5.85,304846
11-Apr-16,5.76,5.86,5.61,5.79,273530
8-Apr-16,5.92,6.00,5.65,5.74,379207
7-Apr-16,6.01,6.03,5.86,5.87,251083
6-Apr-16,5.92,6.06,5.88,6.06,161162
5-Apr-16,5.94,5.99,5.90,5.91,155449
4-Apr-16,6.11,6.13,5.97,6.01,178688
1-Apr-16,5.87,6.14,5.87,6.13,256880
31-Mar-16,6.03,6.06,5.92,5.92,205057
30-Mar-16,6.09,6.13,5.92,6.06,222623
29-Mar-16,5.82,6.12,5.78,6.03,273839
28-Mar-16,5.88,5.91,5.79,5.86,96937
24-Mar-16,5.85,5.91,5.77,5.87,127882
23-Mar-16,5.95,6.09,5.85,5.90,172969
22-Mar-16,6.08,6.13,6.01,6.03,205494
21-Mar-16,6.09,6.18,6.07,6.11,197079
18-Mar-16,6.18,6.24,6.12,6.13,412254
17-Mar-16,6.03,6.18,5.94,6.13,316991
16-Mar-16,5.94,6.11,5.94,6.04,311680
15-Mar-16,6.10,6.17,5.85,5.96,411241
14-Mar-16,6.35,6.35,6.12,6.16,188063
11-Mar-16,6.16,6.43,6.11,6.39,244060
10-Mar-16,6.35,6.37,6.03,6.05,327321
9-Mar-16,6.37,6.44,6.29,6.36,158199
8-Mar-16,6.39,6.46,6.31,6.34,221817
7-Mar-16,6.32,6.53,6.32,6.48,261973
4-Mar-16,6.52,6.60,6.39,6.42,282679
3-Mar-16,6.61,6.65,6.44,6.52,321478
2-Mar-16,6.47,6.62,6.46,6.61,283811
1-Mar-16,6.21,6.49,6.18,6.47,476566
29-Feb-16,5.99,6.21,5.96,6.16,390566
26-Feb-16,6.20,6.30,5.90,5.98,480096
25-Feb-16,6.19,6.20,6.07,6.19,175180
24-Feb-16,6.00,6.16,5.83,6.15,211495
23-Feb-16,6.12,6.16,5.98,6.04,265370
22-Feb-16,6.06,6.22,6.06,6.16,231423
19-Feb-16,5.82,6.06,5.80,6.02,401000
18-Feb-16,5.90,5.98,5.82,5.84,182578
17-Feb-16,5.74,5.94,5.73,5.92,443630
16-Feb-16,5.59,5.70,5.46,5.66,390565
12-Feb-16,5.63,5.66,5.38,5.52,388075
11-Feb-16,5.47,5.87,5.30,5.47,719759
10-Feb-16,5.64,6.23,5.55,5.66,1639333
9-Feb-16,4.84,5.17,4.84,4.92,589284
8-Feb-16,5.30,5.35,4.88,4.99,647353
5-Feb-16,5.55,5.58,5.35,5.35,419885
4-Feb-16,5.56,5.65,5.35,5.57,299289
3-Feb-16,5.61,5.66,5.52,5.58,210263
2-Feb-16,5.74,5.76,5.55,5.56,290611
1-Feb-16,5.90,5.90,5.71,5.77,255723
29-Jan-16,5.58,5.93,5.55,5.92,282369
28-Jan-16,5.75,5.80,5.55,5.57,306791
27-Jan-16,5.74,5.79,5.61,5.64,267958
26-Jan-16,5.71,5.87,5.59,5.78,178043
25-Jan-16,5.95,6.00,5.62,5.64,249113
22-Jan-16,5.92,6.03,5.88,6.00,237760
21-Jan-16,5.75,5.92,5.65,5.81,254852
20-Jan-16,5.67,5.79,5.41,5.74,308751
19-Jan-16,5.95,6.04,5.73,5.78,320900
15-Jan-16,5.98,5.98,5.60,5.90,520484
14-Jan-16,6.02,6.29,5.83,6.21,286899
13-Jan-16,6.13,6.27,6.00,6.01,268701
12-Jan-16,6.10,6.25,5.96,6.11,258730
11-Jan-16,6.02,6.07,5.92,6.02,257246
8-Jan-16,6.07,6.18,5.95,5.97,298217
7-Jan-16,6.27,6.33,6.02,6.06,246375
6-Jan-16,6.35,6.44,6.26,6.31,212551
5-Jan-16,6.40,6.47,6.35,6.45,288134
4-Jan-16,6.50,6.51,6.30,6.36,367938
31-Dec-15,6.65,6.66,6.53,6.56,340023
30-Dec-15,6.71,6.88,6.61,6.65,200639
29-Dec-15,6.63,6.86,6.60,6.76,305344
28-Dec-15,6.62,6.70,6.58,6.63,205248
24-Dec-15,6.71,6.72,6.60,6.65,112761
23-Dec-15,6.66,6.79,6.60,6.68,250765
22-Dec-15,6.64,6.78,6.60,6.65,219154
21-Dec-15,6.70,6.75,6.55,6.64,307411
18-Dec-15,6.71,6.82,6.62,6.67,521800
17-Dec-15,6.88,6.97,6.76,6.76,201658
16-Dec-15,6.87,6.94,6.71,6.86,226260
15-Dec-15,6.76,6.84,6.70,6.81,185032
14-Dec-15,6.75,6.75,6.54,6.72,270441
11-Dec-15,6.92,7.05,6.70,6.71,405589
10-Dec-15,7.03,7.10,6.94,7.06,374851
9-Dec-15,7.30,7.34,6.85,7.03,553526
8-Dec-15,7.32,7.39,7.30,7.35,174613
7-Dec-15,7.42,7.50,7.30,7.37,259524
4-Dec-15,7.43,7.50,7.38,7.47,297162
3-Dec-15,7.68,7.68,7.35,7.40,264453
2-Dec-15,7.87,7.88,7.55,7.63,368134
1-Dec-15,7.72,7.88,7.59,7.85,463290
30-Nov-15,7.69,7.74,7.62,7.71,539758
27-Nov-15,7.64,7.70,7.59,7.69,146035
25-Nov-15,7.70,7.76,7.60,7.66,185154
24-Nov-15,7.76,7.80,7.61,7.67,160331
23-Nov-15,7.64,7.80,7.58,7.80,301518
20-Nov-15,7.63,7.78,7.50,7.69,333240
19-Nov-15,7.59,7.77,7.57,7.60,310180
18-Nov-15,7.50,7.64,7.31,7.62,592628
17-Nov-15,7.63,7.63,7.44,7.44,223545
16-Nov-15,7.43,7.67,7.40,7.65,298391
13-Nov-15,7.85,7.91,7.43,7.46,530196
12-Nov-15,7.74,8.00,7.66,7.89,335684
11-Nov-15,7.93,8.10,7.79,7.79,389283
10-Nov-15,8.06,8.10,7.68,7.80,495465
9-Nov-15,7.69,8.30,7.62,8.10,1259535
6-Nov-15,7.52,7.77,7.41,7.72,597695
5-Nov-15,7.60,7.69,7.30,7.60,615906
4-Nov-15,7.60,7.72,7.52,7.60,536173
3-Nov-15,7.68,7.88,7.37,7.56,956399
2-Nov-15,7.18,7.97,7.04,7.69,1761544
30-Oct-15,6.41,7.28,6.38,7.18,2729284
29-Oct-15,5.94,6.07,5.72,5.86,598179
28-Oct-15,6.03,6.19,5.83,5.96,562505
27-Oct-15,6.31,6.35,5.78,5.89,391852
26-Oct-15,6.11,6.36,6.03,6.34,334742
23-Oct-15,6.38,6.38,5.99,6.11,315589
22-Oct-15,6.04,6.36,6.02,6.29,322455
21-Oct-15,6.44,6.44,5.98,5.99,345216
20-Oct-15,6.22,6.45,6.20,6.41,365888
19-Oct-15,6.29,6.36,6.09,6.24,227337
16-Oct-15,6.14,6.38,6.08,6.30,297631
15-Oct-15,6.07,6.25,6.03,6.08,296163
14-Oct-15,6.17,6.26,6.00,6.02,242113
13-Oct-15,6.15,6.22,6.04,6.11,219547
12-Oct-15,6.42,6.45,6.14,6.16,145956
9-Oct-15,6.34,6.50,6.29,6.42,246068
8-Oct-15,6.39,6.41,6.24,6.31,276296
7-Oct-15,6.30,6.51,6.20,6.38,433171
6-Oct-15,6.40,6.49,6.21,6.23,403190
5-Oct-15,6.00,6.54,5.99,6.49,426763
2-Oct-15,5.76,6.02,5.68,6.02,404474
1-Oct-15,6.05,6.05,5.75,5.83,217243
30-Sep-15,5.85,6.10,5.69,5.99,658107
29-Sep-15,6.15,6.16,5.71,5.81,451442
28-Sep-15,6.07,6.17,5.98,6.12,386178
25-Sep-15,6.58,6.60,6.06,6.07,360814
24-Sep-15,6.47,6.52,6.40,6.49,191311
23-Sep-15,6.62,6.63,6.40,6.52,224826
22-Sep-15,6.67,6.78,6.44,6.57,269899
21-Sep-15,6.70,6.89,6.62,6.73,239397
18-Sep-15,6.55,6.94,6.54,6.66,1080903
17-Sep-15,6.52,6.81,6.45,6.64,382268
16-Sep-15,6.58,6.66,6.41,6.52,230973
15-Sep-15,6.50,6.69,6.44,6.59,193772
14-Sep-15,6.59,6.65,6.46,6.51,223233
11-Sep-15,6.49,6.69,6.40,6.58,330295
10-Sep-15,6.56,6.64,6.37,6.51,362677
9-Sep-15,6.79,6.96,6.55,6.57,398028
8-Sep-15,6.51,6.75,6.51,6.75,306491
4-Sep-15,6.41,6.58,6.36,6.40,203992
3-Sep-15,6.49,6.69,6.45,6.52,212983
2-Sep-15,6.45,6.55,6.30,6.47,414966
1-Sep-15,6.46,6.57,6.32,6.36,385149
31-Aug-15,6.62,6.81,6.55,6.64,299377
28-Aug-15,6.66,6.82,6.61,6.72,260733
27-Aug-15,6.60,6.81,6.48,6.69,286480
26-Aug-15,6.24,6.55,6.18,6.53,516161
25-Aug-15,6.16,6.49,6.05,6.06,688324
24-Aug-15,5.00,6.17,5.00,5.96,1347240
21-Aug-15,6.57,6.89,6.47,6.69,721048
20-Aug-15,6.98,7.03,6.51,6.67,958692
19-Aug-15,7.08,7.21,6.96,7.07,492263
18-Aug-15,7.38,7.38,7.03,7.09,547796
17-Aug-15,7.17,7.40,7.10,7.38,892490
14-Aug-15,7.20,7.25,7.06,7.17,349459
13-Aug-15,7.20,7.28,7.05,7.20,493837
12-Aug-15,7.32,7.32,6.93,7.20,696039
11-Aug-15,6.95,7.37,6.78,7.17,1789289
10-Aug-15,6.99,7.05,6.76,6.95,689178
7-Aug-15,6.85,7.00,6.69,6.92,723496
6-Aug-15,6.82,6.95,6.59,6.65,411013
5-Aug-15,6.63,7.00,6.54,6.81,637354
4-Aug-15,6.94,7.11,6.40,6.55,1193171
3-Aug-15,6.48,6.99,6.42,6.92,1362396
31-Jul-15,5.75,6.59,5.72,6.51,2215317
30-Jul-15,5.25,5.51,5.15,5.43,723999
29-Jul-15,5.06,5.26,5.05,5.23,239473
28-Jul-15,5.12,5.18,5.01,5.05,267083
27-Jul-15,5.21,5.21,4.98,5.11,377947
24-Jul-15,5.26,5.35,5.18,5.22,382047
23-Jul-15,5.31,5.45,5.18,5.24,384824
22-Jul-15,5.20,5.33,5.14,5.23,259165
21-Jul-15,5.13,5.35,5.13,5.19,413953
20-Jul-15,5.78,5.78,5.07,5.10,715147
17-Jul-15,5.92,5.92,5.75,5.76,376332
16-Jul-15,5.84,5.97,5.78,5.93,357277
15-Jul-15,6.00,6.10,5.74,5.80,336067
14-Jul-15,5.83,6.00,5.82,5.98,327202
13-Jul-15,5.90,5.93,5.80,5.84,350534
10-Jul-15,5.83,5.95,5.76,5.87,331664
9-Jul-15,5.84,5.96,5.74,5.79,272733
8-Jul-15,5.78,5.90,5.65,5.77,255656
7-Jul-15,5.96,6.01,5.64,5.85,503793
6-Jul-15,6.25,6.32,5.89,5.96,634478
2-Jul-15,6.38,6.44,6.27,6.36,246018
1-Jul-15,6.44,6.55,6.37,6.44,306032
30-Jun-15,6.51,6.54,6.28,6.44,419310
29-Jun-15,6.53,6.66,6.25,6.39,695753
26-Jun-15,6.86,6.97,6.56,6.66,2119331
25-Jun-15,6.93,6.97,6.86,6.93,392487
24-Jun-15,6.98,7.12,6.88,6.94,260190
23-Jun-15,7.14,7.19,6.87,7.03,390266
22-Jun-15,7.11,7.31,7.07,7.14,290863
19-Jun-15,7.15,7.38,7.08,7.09,384302
18-Jun-15,7.10,7.24,7.05,7.20,536875
17-Jun-15,7.00,7.14,6.99,7.10,440326
16-Jun-15,7.14,7.20,6.90,7.05,747102
15-Jun-15,6.69,7.22,6.57,7.14,1482531
12-Jun-15,6.43,6.80,6.30,6.72,747903
11-Jun-15,6.38,6.49,6.27,6.40,261836
10-Jun-15,6.40,6.57,6.30,6.35,665643
9-Jun-15,6.45,6.45,6.25,6.35,303226
8-Jun-15,6.39,6.45,6.20,6.43,393738
5-Jun-15,6.18,6.45,6.07,6.42,529004
4-Jun-15,6.18,6.28,6.01,6.13,360454
3-Jun-15,6.13,6.29,6.07,6.22,278044
2-Jun-15,5.79,6.16,5.74,6.15,650722
1-Jun-15,6.10,6.10,5.81,5.86,1303821
29-May-15,6.30,6.30,6.01,6.05,614803
28-May-15,6.40,6.41,6.15,6.32,527332
27-May-15,6.08,6.45,6.04,6.43,544725
26-May-15,6.10,6.24,5.70,6.18,639464
22-May-15,6.09,6.28,6.00,6.14,499976
21-May-15,6.00,6.33,5.95,6.20,834622
20-May-15,6.00,6.15,5.86,6.10,659392
19-May-15,6.00,6.10,5.65,5.98,1182341
18-May-15,5.65,6.13,5.58,5.93,1518549
15-May-15,5.40,5.53,5.37,5.46,242997
14-May-15,5.45,5.54,5.32,5.42,301555
13-May-15,5.45,5.55,5.36,5.49,399930
12-May-15,5.15,5.50,5.14,5.50,479140
11-May-15,5.15,5.30,5.10,5.23,300070
8-May-15,5.18,5.25,5.11,5.18,273809
7-May-15,5.23,5.25,5.10,5.20,283703
6-May-15,5.21,5.30,4.99,5.29,365159
5-May-15,5.28,5.44,4.84,5.21,1080252
4-May-15,4.50,4.91,4.48,4.67,653394
1-May-15,4.55,4.60,4.38,4.48,211415
30-Apr-15,4.55,4.65,4.54,4.55,242449
29-Apr-15,4.55,4.67,4.54,4.65,149631
28-Apr-15,4.59,4.63,4.48,4.62,161486
27-Apr-15,4.60,4.70,4.50,4.64,186505
24-Apr-15,4.67,4.70,4.56,4.69,101471
23-Apr-15,4.70,4.80,4.52,4.70,249831
22-Apr-15,4.70,4.74,4.56,4.72,146297
21-Apr-15,4.35,4.73,4.33,4.73,332602
20-Apr-15,4.30,4.38,4.28,4.37,127097
17-Apr-15,4.32,4.35,4.29,4.30,96639
16-Apr-15,4.36,4.37,4.30,4.35,105661
15-Apr-15,4.35,4.38,4.31,4.38,117346
14-Apr-15,4.30,4.37,4.29,4.36,122492
13-Apr-15,4.33,4.37,4.29,4.29,126951
10-Apr-15,4.40,4.43,4.32,4.34,172976
9-Apr-15,4.35,4.44,4.30,4.41,159631
8-Apr-15,4.34,4.44,4.33,4.37,131072
7-Apr-15,4.27,4.46,4.27,4.34,150147
6-Apr-15,4.25,4.35,4.25,4.33,232573
2-Apr-15,4.21,4.39,4.18,4.31,125461
1-Apr-15,4.31,4.35,4.22,4.33,252055
31-Mar-15,4.24,4.36,4.24,4.33,217395
30-Mar-15,4.25,4.33,4.12,4.29,674967
27-Mar-15,4.21,4.26,4.16,4.25,263178
26-Mar-15,4.16,4.27,4.15,4.25,55557
25-Mar-15,4.34,4.39,4.15,4.18,182586
24-Mar-15,4.58,4.58,4.31,4.34,139460
23-Mar-15,4.37,4.65,4.36,4.60,187343
20-Mar-15,4.27,4.45,4.27,4.45,174122
19-Mar-15,4.33,4.37,4.28,4.28,60926
18-Mar-15,4.25,4.38,4.25,4.37,127206
17-Mar-15,4.25,4.37,4.25,4.26,68538
16-Mar-15,4.32,4.40,4.25,4.29,111540
13-Mar-15,4.45,4.46,4.29,4.32,126616
12-Mar-15,4.29,4.54,4.26,4.49,279414
11-Mar-15,4.25,4.30,4.16,4.25,317213
10-Mar-15,4.25,4.27,4.20,4.25,211557
9-Mar-15,4.31,4.31,4.24,4.25,135984
6-Mar-15,4.40,4.40,4.24,4.33,214317
5-Mar-15,4.30,4.45,4.26,4.44,133345
4-Mar-15,4.25,4.36,4.23,4.31,91424
3-Mar-15,4.29,4.44,4.24,4.26,223169
2-Mar-15,4.36,4.50,4.27,4.30,226923
27-Feb-15,4.40,4.45,4.32,4.33,128129
26-Feb-15,4.37,4.46,4.33,4.40,173205
25-Feb-15,4.36,4.42,4.33,4.40,223558
24-Feb-15,4.36,4.48,4.32,4.37,93073
23-Feb-15,4.39,4.44,4.31,4.37,146038
20-Feb-15,4.45,4.49,4.35,4.38,234586
19-Feb-15,4.42,4.59,4.38,4.47,387905
18-Feb-15,4.12,4.44,4.12,4.42,897677
17-Feb-15,4.12,4.19,4.05,4.11,681937
13-Feb-15,4.25,4.29,4.02,4.14,573063
12-Feb-15,4.00,4.24,3.96,4.23,885563
11-Feb-15,4.50,4.50,3.96,4.01,1849109
10-Feb-15,4.95,4.96,4.70,4.89,576931
9-Feb-15,4.96,5.04,4.80,4.93,348491
6-Feb-15,4.77,5.01,4.77,4.94,257073
5-Feb-15,4.83,4.98,4.76,4.77,265761
4-Feb-15,4.99,5.04,4.72,4.81,229344
3-Feb-15,4.80,5.15,4.80,5.02,686504
2-Feb-15,4.82,4.86,4.72,4.78,407078
30-Jan-15,4.70,4.88,4.65,4.80,344745
29-Jan-15,4.85,4.94,4.60,4.70,333262
28-Jan-15,5.26,5.34,4.82,4.87,338535
27-Jan-15,5.23,5.36,5.10,5.20,200048
26-Jan-15,5.37,5.47,5.10,5.21,359787
23-Jan-15,4.97,5.42,4.97,5.37,247469
22-Jan-15,5.00,5.06,4.86,4.96,183359
21-Jan-15,5.02,5.22,4.95,5.00,319699
20-Jan-15,4.91,5.16,4.82,5.01,221843
16-Jan-15,4.75,4.94,4.75,4.89,226042
15-Jan-15,4.97,5.01,4.66,4.77,260480
14-Jan-15,5.05,5.19,4.85,4.95,281103
13-Jan-15,5.13,5.24,4.83,4.94,335418
12-Jan-15,5.41,5.52,5.02,5.07,394476
9-Jan-15,5.33,5.58,5.28,5.45,1068472
8-Jan-15,4.60,5.23,4.60,5.18,843293
7-Jan-15,4.58,4.79,4.52,4.57,221827
6-Jan-15,4.38,4.57,4.30,4.56,610130
5-Jan-15,4.53,4.55,4.27,4.36,269930
2-Jan-15,4.38,4.58,4.38,4.54,253170
31-Dec-14,4.21,4.45,4.20,4.36,387368
30-Dec-14,4.14,4.24,4.14,4.21,268752
29-Dec-14,4.20,4.23,4.14,4.15,236448
26-Dec-14,4.29,4.30,4.16,4.20,181873
24-Dec-14,4.30,4.31,4.24,4.29,117119
23-Dec-14,4.40,4.46,4.25,4.28,217110
22-Dec-14,4.27,4.48,4.27,4.40,350493
19-Dec-14,4.16,4.28,4.16,4.27,993808
18-Dec-14,4.23,4.36,4.16,4.18,557225
17-Dec-14,4.05,4.22,4.05,4.20,475274
16-Dec-14,4.05,4.18,4.05,4.06,360493
15-Dec-14,4.00,4.14,4.00,4.07,388500
12-Dec-14,4.00,4.12,4.00,4.01,344026
11-Dec-14,4.00,4.15,4.00,4.11,205570
10-Dec-14,4.13,4.18,4.01,4.02,225707
9-Dec-14,4.00,4.12,3.96,4.12,415632
8-Dec-14,4.00,4.12,4.00,4.00,381210
5-Dec-14,3.93,4.04,3.92,4.04,466243
4-Dec-14,3.97,4.05,3.92,3.93,218261
3-Dec-14,4.04,4.10,3.90,3.98,339184
2-Dec-14,4.01,4.06,3.99,4.04,251927
1-Dec-14,4.05,4.13,3.99,3.99,566356
28-Nov-14,4.07,4.18,4.05,4.08,139509
26-Nov-14,4.13,4.13,4.06,4.09,133765
25-Nov-14,4.10,4.15,4.10,4.10,450990
24-Nov-14,4.05,4.17,4.02,4.08,335490
21-Nov-14,4.10,4.16,4.06,4.06,321954
20-Nov-14,4.10,4.14,4.06,4.10,358977
19-Nov-14,4.15,4.17,4.10,4.11,252945
18-Nov-14,4.10,4.23,4.10,4.18,183014
17-Nov-14,4.20,4.28,4.12,4.12,275416
14-Nov-14,4.16,4.30,4.03,4.23,362340
13-Nov-14,4.11,4.20,4.11,4.16,287661
12-Nov-14,4.16,4.18,4.11,4.12,198938
11-Nov-14,4.18,4.22,4.11,4.17,276448
10-Nov-14,4.24,4.27,4.11,4.15,252146
7-Nov-14,4.11,4.27,4.10,4.18,278640
6-Nov-14,4.15,4.18,4.10,4.13,246935
5-Nov-14,4.23,4.25,4.09,4.18,364006
4-Nov-14,4.30,4.40,4.20,4.23,416282
3-Nov-14,4.40,4.61,4.30,4.30,536424
31-Oct-14,4.17,4.63,4.17,4.40,879282
30-Oct-14,4.12,4.28,4.10,4.22,656710
29-Oct-14,4.10,4.16,4.06,4.11,367218
28-Oct-14,4.05,4.14,4.02,4.09,344619
27-Oct-14,4.05,4.10,4.01,4.05,278691
24-Oct-14,4.08,4.10,4.01,4.06,282543
23-Oct-14,4.11,4.11,4.02,4.08,555864
22-Oct-14,4.08,4.11,4.01,4.01,426876
21-Oct-14,4.23,4.27,4.06,4.09,421831
20-Oct-14,4.15,4.22,4.09,4.18,246046
17-Oct-14,4.16,4.20,4.05,4.13,744474
16-Oct-14,4.07,4.27,4.07,4.12,512786
15-Oct-14,4.01,4.10,3.94,4.07,781705
14-Oct-14,4.18,4.25,4.05,4.06,866889
13-Oct-14,4.35,4.40,4.07,4.18,558474
10-Oct-14,4.73,4.78,4.10,4.21,1204056
9-Oct-14,4.55,4.93,4.51,4.74,2740855
8-Oct-14,6.54,6.59,4.35,4.55,5165911
7-Oct-14,8.00,8.10,7.83,7.90,348649
6-Oct-14,8.07,8.15,7.98,8.00,272507
3-Oct-14,8.45,8.45,7.86,8.06,399438
2-Oct-14,8.44,8.57,7.87,8.48,541572
1-Oct-14,9.00,9.08,8.55,8.66,348401
30-Sep-14,9.30,9.30,8.99,9.11,312301
29-Sep-14,9.46,9.46,9.16,9.37,175015
26-Sep-14,9.40,9.57,9.25,9.56,186888
25-Sep-14,9.65,9.65,9.23,9.45,209335
24-Sep-14,9.26,9.79,9.00,9.76,415155
23-Sep-14,9.57,9.59,9.27,9.44,310790
22-Sep-14,9.93,9.97,9.55,9.71,355341
19-Sep-14,10.15,10.31,9.90,10.00,176408
18-Sep-14,10.22,10.59,9.85,10.14,1564159
17-Sep-14,10.95,11.45,10.83,11.16,130518
16-Sep-14,10.97,11.12,10.75,11.02,78384
15-Sep-14,10.81,11.16,10.78,11.01,104003
12-Sep-14,10.90,10.90,10.70,10.83,98031
11-Sep-14,11.09,11.20,10.82,10.93,143619
10-Sep-14,11.38,11.43,11.04,11.16,96862
9-Sep-14,11.66,11.75,11.27,11.41,157225
8-Sep-14,11.50,11.75,11.49,11.65,204406
5-Sep-14,11.65,11.73,11.35,11.55,121650
4-Sep-14,11.61,11.90,11.32,11.75,220394
3-Sep-14,11.79,12.08,11.40,11.62,219543
2-Sep-14,11.75,11.89,11.32,11.76,236878
29-Aug-14,11.13,11.83,11.11,11.66,318006
28-Aug-14,10.75,11.48,10.72,11.11,312921
27-Aug-14,11.06,11.12,10.59,10.86,212574
26-Aug-14,11.21,11.21,10.88,11.00,145047
25-Aug-14,11.29,11.29,10.99,11.10,144521
22-Aug-14,11.08,11.25,10.85,11.16,272129
21-Aug-14,10.79,11.11,10.71,11.11,137669
20-Aug-14,10.72,11.03,10.57,10.83,236132
19-Aug-14,10.56,10.76,10.51,10.74,120571
18-Aug-14,10.41,10.63,10.29,10.59,160245
15-Aug-14,10.59,10.59,10.10,10.34,160903
14-Aug-14,10.79,10.79,10.27,10.44,222155
13-Aug-14,10.68,10.89,10.53,10.79,112217
12-Aug-14,10.74,10.85,10.48,10.59,161554
11-Aug-14,10.59,10.79,10.48,10.76,117159
8-Aug-14,10.69,10.82,10.42,10.58,94169
7-Aug-14,11.20,11.20,10.43,10.72,314311
6-Aug-14,10.66,11.46,10.66,11.13,258311
5-Aug-14,11.19,11.19,10.57,10.79,317445
4-Aug-14,11.50,11.69,10.88,11.20,233539
1-Aug-14,10.87,11.50,10.72,11.46,441914
31-Jul-14,10.44,11.70,9.26,10.80,1816630
30-Jul-14,12.50,13.12,12.42,12.93,460487
29-Jul-14,12.73,13.12,12.03,12.45,256565
28-Jul-14,13.10,13.17,12.56,12.67,136750
25-Jul-14,12.91,13.20,12.76,13.08,73125
24-Jul-14,12.93,13.30,12.86,12.98,182487
23-Jul-14,12.90,13.13,12.75,12.98,147338
22-Jul-14,12.35,12.95,12.27,12.93,157612
21-Jul-14,12.34,12.46,12.12,12.27,99852
18-Jul-14,12.23,12.48,12.19,12.38,68015
17-Jul-14,12.49,12.60,12.22,12.25,136806
16-Jul-14,12.77,12.80,12.59,12.63,107509
15-Jul-14,12.54,12.79,12.53,12.65,109953
14-Jul-14,12.33,12.58,12.23,12.57,82476
11-Jul-14,12.26,12.44,12.11,12.20,98220
10-Jul-14,12.37,12.37,12.00,12.24,340118
9-Jul-14,12.86,12.91,12.41,12.62,222783
8-Jul-14,13.29,13.35,12.72,12.92,368950
7-Jul-14,13.62,13.66,13.34,13.35,112521
3-Jul-14,13.49,13.66,13.42,13.60,68745
2-Jul-14,13.61,13.74,13.34,13.41,198003
1-Jul-14,13.45,13.75,13.27,13.70,381808
30-Jun-14,12.62,13.44,12.12,13.30,791158
27-Jun-14,12.61,13.05,12.39,12.43,1256353
26-Jun-14,12.77,12.82,12.46,12.60,155748
25-Jun-14,12.75,12.99,12.67,12.74,111226
24-Jun-14,12.89,13.09,12.58,12.74,351103
23-Jun-14,12.79,12.90,12.37,12.85,286000
20-Jun-14,12.75,13.15,12.66,12.69,564457
19-Jun-14,12.87,12.96,12.57,12.68,258334
18-Jun-14,13.25,13.30,12.53,12.78,618270
17-Jun-14,12.81,13.15,12.60,13.15,422956
16-Jun-14,12.48,12.99,12.32,12.76,250337
13-Jun-14,12.17,12.68,11.88,12.41,310942
12-Jun-14,11.94,12.12,11.87,12.05,290698
11-Jun-14,12.04,12.14,11.67,11.89,280808
10-Jun-14,11.93,12.20,11.61,12.08,195653
9-Jun-14,11.40,12.12,11.30,11.88,425699
6-Jun-14,10.98,11.32,10.97,11.21,203922
5-Jun-14,10.91,11.01,10.80,11.00,237882
4-Jun-14,11.10,11.13,10.83,10.96,256597
3-Jun-14,11.11,11.27,10.84,11.00,303432
2-Jun-14,11.50,11.60,10.94,11.14,320772
30-May-14,11.44,11.55,11.24,11.44,318103
29-May-14,11.20,12.09,10.99,11.43,534486
28-May-14,11.05,11.13,10.71,10.99,336096
27-May-14,10.67,11.19,10.38,11.01,703724
23-May-14,10.65,10.75,10.55,10.64,126258
22-May-14,10.66,10.80,10.47,10.63,262709
21-May-14,10.82,10.99,10.47,10.65,179446
20-May-14,11.30,11.57,10.79,10.80,319635
19-May-14,11.74,11.80,11.25,11.25,363254
16-May-14,12.20,12.24,11.76,11.83,189076
15-May-14,11.92,12.28,11.52,12.24,216426
14-May-14,11.78,12.46,11.43,12.03,333989
13-May-14,12.23,12.84,11.22,11.85,813148
12-May-14,11.97,12.29,11.85,12.20,248134
9-May-14,11.50,12.12,11.39,12.12,281254
8-May-14,11.46,11.75,11.25,11.56,234369
7-May-14,11.65,11.73,10.20,11.52,347537
6-May-14,12.29,12.40,11.64,11.66,104989
5-May-14,12.27,12.81,11.92,12.27,154042
2-May-14,13.19,13.27,11.06,12.40,1524156
1-May-14,13.12,13.45,12.96,13.04,523106
30-Apr-14,13.14,13.18,12.87,13.09,316290
29-Apr-14,12.97,13.25,12.85,13.08,270432
28-Apr-14,12.85,13.31,12.81,12.87,548565
25-Apr-14,12.93,13.06,12.38,12.75,426412
24-Apr-14,13.73,13.73,12.60,12.84,311840
23-Apr-14,14.30,14.42,13.38,13.54,247872
22-Apr-14,14.28,14.57,13.92,14.25,95177
21-Apr-14,14.51,15.12,14.26,14.27,253430
17-Apr-14,14.92,15.25,14.30,14.74,364220
16-Apr-14,15.40,15.40,14.80,15.02,546851
15-Apr-14,14.08,14.60,13.73,14.47,550949
14-Apr-14,13.85,14.12,13.71,14.12,540795
11-Apr-14,13.17,13.63,13.15,13.56,607088
10-Apr-14,14.00,14.12,12.92,13.33,613671
9-Apr-14,13.61,14.12,13.50,13.87,308920
8-Apr-14,13.68,13.93,13.54,13.76,242891
7-Apr-14,14.10,14.28,13.69,13.82,388542
4-Apr-14,14.53,14.85,13.86,14.16,365771
3-Apr-14,14.71,14.84,14.50,14.70,448967
2-Apr-14,15.26,15.26,14.66,14.70,483278
1-Apr-14,15.10,15.29,14.90,15.22,283056
31-Mar-14,14.71,15.04,14.71,15.04,516939
28-Mar-14,14.44,15.00,14.18,14.66,412703
27-Mar-14,13.98,14.26,13.65,14.25,432835
26-Mar-14,15.11,15.25,13.63,14.01,1171314
25-Mar-14,15.45,15.45,15.00,15.20,685812
24-Mar-14,16.26,16.30,15.07,15.25,686804
21-Mar-14,13.75,16.50,13.58,16.21,12704154
