Date,Open,High,Low,Close,Volume
22-Nov-16,31.60,32.66,31.50,32.49,1501836
21-Nov-16,31.41,31.44,30.66,31.32,843977
18-Nov-16,31.34,31.86,31.06,31.30,3154242
17-Nov-16,31.61,31.73,31.06,31.27,1244410
16-Nov-16,31.09,32.42,30.90,31.39,2367088
15-Nov-16,32.34,32.65,31.15,31.22,1632205
14-Nov-16,32.59,33.29,31.18,31.93,3075370
11-Nov-16,33.44,33.61,31.74,32.50,4173132
10-Nov-16,34.91,36.04,33.13,33.35,8728146
9-Nov-16,40.02,41.31,39.80,40.20,2369875
8-Nov-16,42.63,42.92,41.90,41.91,1380305
7-Nov-16,42.34,42.88,41.52,42.80,1397851
4-Nov-16,41.45,41.89,41.20,41.52,938300
3-Nov-16,41.81,42.07,41.32,41.57,1012364
2-Nov-16,41.90,41.92,41.22,41.85,841903
1-Nov-16,41.96,42.14,41.50,41.91,645141
31-Oct-16,42.49,42.49,41.46,41.85,1091173
28-Oct-16,43.17,44.10,42.62,42.65,380107
27-Oct-16,43.35,43.37,42.70,42.99,658332
26-Oct-16,44.17,44.17,43.24,43.39,565415
25-Oct-16,44.50,44.55,43.70,44.14,999171
24-Oct-16,45.00,45.13,44.16,44.55,786211
21-Oct-16,44.23,44.86,43.86,44.85,611308
20-Oct-16,44.66,44.78,44.10,44.55,589181
19-Oct-16,45.15,45.15,44.06,44.88,821833
18-Oct-16,45.87,45.90,44.80,44.80,2219522
17-Oct-16,45.62,46.01,45.00,45.08,544129
14-Oct-16,45.67,46.39,45.11,45.62,512084
13-Oct-16,45.61,45.79,44.30,45.11,851416
12-Oct-16,46.86,46.96,46.03,46.09,658281
11-Oct-16,48.00,48.33,46.46,46.85,1487477
10-Oct-16,47.95,48.45,47.66,48.11,590478
7-Oct-16,47.43,48.25,47.20,47.87,919745
6-Oct-16,47.93,47.93,47.26,47.74,435915
5-Oct-16,48.50,48.58,47.95,48.00,711179
4-Oct-16,48.50,48.50,46.91,47.52,1130687
3-Oct-16,47.66,48.51,47.59,48.42,459768
30-Sep-16,47.91,48.43,47.55,47.66,592106
29-Sep-16,48.90,49.08,47.06,47.52,961269
28-Sep-16,49.32,49.81,48.39,49.04,1116748
27-Sep-16,48.87,49.50,48.54,48.79,1029396
26-Sep-16,49.21,49.50,48.34,48.55,1351277
23-Sep-16,50.27,50.51,49.24,49.47,3023127
22-Sep-16,49.34,50.99,48.93,50.75,1951539
21-Sep-16,48.67,49.50,48.40,49.36,1280561
20-Sep-16,46.32,48.50,46.15,48.30,1476349
19-Sep-16,45.65,46.78,45.57,46.05,845594
16-Sep-16,44.67,45.94,44.32,45.52,1717125
15-Sep-16,45.14,45.14,43.98,44.16,2538456
14-Sep-16,46.53,46.63,44.78,45.00,1690241
13-Sep-16,46.84,47.66,45.75,46.58,789777
12-Sep-16,45.63,47.50,45.09,47.36,1153020
9-Sep-16,48.81,48.81,46.60,46.60,1229637
8-Sep-16,49.43,50.18,49.22,49.25,1206412
7-Sep-16,50.29,50.68,49.36,49.64,1974604
6-Sep-16,46.83,50.42,46.83,50.31,3201381
2-Sep-16,46.10,47.56,46.02,47.17,1482787
1-Sep-16,45.22,46.31,45.09,46.19,1314565
31-Aug-16,46.11,46.47,45.04,45.50,812578
30-Aug-16,46.23,46.86,46.06,46.10,1051679
29-Aug-16,46.31,46.97,46.12,46.17,1125026
26-Aug-16,46.60,46.98,46.01,46.30,1004153
25-Aug-16,46.22,47.16,46.20,46.54,1589777
24-Aug-16,46.76,47.00,46.02,46.23,1438116
23-Aug-16,47.07,47.43,46.67,46.82,1546394
22-Aug-16,47.70,47.96,46.86,46.97,2755370
19-Aug-16,46.03,48.48,46.03,48.12,4265217
18-Aug-16,49.45,49.59,45.41,46.03,10452318
17-Aug-16,54.00,54.25,53.52,53.70,3025775
16-Aug-16,53.75,54.23,53.34,53.96,2253177
15-Aug-16,54.00,55.09,53.68,53.74,1973611
12-Aug-16,53.06,54.35,52.65,53.70,1915429
11-Aug-16,53.67,53.67,52.45,53.28,3550673
10-Aug-16,54.17,54.17,52.40,52.52,872909
9-Aug-16,54.50,55.28,53.72,53.96,1429399
8-Aug-16,54.00,54.80,53.81,54.70,1099489
5-Aug-16,52.68,53.20,52.45,53.15,435978
4-Aug-16,52.21,52.97,51.94,52.15,1109962
3-Aug-16,51.21,52.37,51.00,52.29,542440
2-Aug-16,51.80,51.92,50.48,51.35,888227
1-Aug-16,52.01,52.93,51.56,51.76,1771703
29-Jul-16,51.00,52.09,50.23,52.01,1379885
28-Jul-16,51.00,51.50,50.53,51.32,1548818
27-Jul-16,51.57,51.57,50.41,51.10,1235984
26-Jul-16,49.84,51.91,48.84,51.57,2150066
25-Jul-16,49.15,49.87,48.45,49.84,925649
22-Jul-16,49.60,49.60,48.72,49.21,729008
21-Jul-16,48.12,49.70,47.69,49.25,1558493
20-Jul-16,48.00,48.31,47.43,48.17,848952
19-Jul-16,47.39,47.64,47.16,47.42,493272
18-Jul-16,47.97,48.02,47.55,47.76,1009180
15-Jul-16,48.03,48.47,47.73,48.03,1144140
14-Jul-16,47.79,48.35,47.46,48.03,945997
13-Jul-16,48.14,48.50,46.92,47.17,736483
12-Jul-16,47.45,48.87,47.30,48.01,2547017
11-Jul-16,46.62,47.42,46.62,47.05,844799
8-Jul-16,45.81,47.08,45.27,46.74,3525467
7-Jul-16,46.27,46.65,45.19,45.34,1183508
6-Jul-16,47.25,47.30,45.74,45.97,1502530
5-Jul-16,47.00,47.67,46.40,47.52,874127
1-Jul-16,45.95,47.41,45.93,47.00,722017
30-Jun-16,45.84,46.43,45.50,45.89,931660
29-Jun-16,46.00,46.47,45.51,45.92,2766884
28-Jun-16,44.98,46.20,44.87,45.64,744400
27-Jun-16,46.01,46.21,43.94,44.16,1944333
24-Jun-16,44.30,46.94,44.13,46.08,1007232
23-Jun-16,45.39,46.65,45.39,46.63,736057
22-Jun-16,45.72,45.91,44.85,45.25,978633
21-Jun-16,46.33,46.59,45.04,45.40,2143304
20-Jun-16,46.22,46.85,45.98,46.07,739217
17-Jun-16,45.84,46.06,45.28,45.42,979083
16-Jun-16,46.66,46.66,44.87,45.81,855537
15-Jun-16,46.70,47.45,45.80,46.98,1139048
14-Jun-16,46.47,46.94,46.04,46.29,1072796
13-Jun-16,46.00,47.30,45.94,46.44,1318045
10-Jun-16,47.00,47.40,46.28,46.55,920568
9-Jun-16,48.22,48.28,47.32,47.47,941889
8-Jun-16,48.66,49.30,47.81,48.32,1331811
7-Jun-16,49.60,49.76,48.53,48.83,1301244
6-Jun-16,50.90,51.14,48.88,49.35,2653535
3-Jun-16,53.57,53.92,50.18,50.61,1976471
2-Jun-16,52.50,54.67,51.18,53.50,4564938
1-Jun-16,53.73,54.14,51.72,52.10,2421357
31-May-16,54.63,54.90,52.63,54.05,7063447
27-May-16,53.20,54.50,52.75,53.71,1101826
26-May-16,51.30,53.27,50.75,53.21,1582227
25-May-16,50.56,51.94,49.98,51.87,1412922
24-May-16,49.69,50.85,49.69,50.28,1103490
23-May-16,48.24,49.94,48.17,49.42,791654
20-May-16,49.06,49.71,48.50,48.65,749607
19-May-16,49.90,50.75,48.52,49.01,1712687
18-May-16,50.98,51.52,49.79,50.16,1464914
17-May-16,51.22,51.98,50.91,51.28,873253
16-May-16,50.93,51.64,50.51,51.20,480913
13-May-16,50.84,51.88,50.43,50.50,1189362
12-May-16,51.09,51.43,49.92,50.43,994434
11-May-16,50.67,51.46,50.67,50.88,526128
10-May-16,50.76,51.16,50.20,51.03,792612
9-May-16,51.44,52.21,50.37,50.48,1188143
6-May-16,52.10,52.71,51.62,51.78,810015
5-May-16,52.69,53.67,51.96,52.29,1031735
4-May-16,51.39,52.44,51.01,52.12,1051141
3-May-16,52.80,53.09,50.95,51.58,1729494
2-May-16,54.16,54.64,53.39,53.40,930494
29-Apr-16,55.36,55.43,54.15,54.65,1084364
28-Apr-16,55.20,55.70,54.59,55.00,1559998
27-Apr-16,55.52,55.76,54.57,55.15,2205311
26-Apr-16,55.98,56.03,55.21,55.66,843500
25-Apr-16,56.01,56.59,55.04,55.93,671273
22-Apr-16,54.59,56.87,53.96,56.70,1979748
21-Apr-16,56.00,56.59,54.65,54.80,3324185
20-Apr-16,55.20,56.96,55.07,56.35,2942494
19-Apr-16,58.80,59.00,54.29,54.94,1655770
18-Apr-16,57.82,59.88,57.57,58.62,770780
15-Apr-16,59.69,59.76,57.79,58.29,1033680
14-Apr-16,58.05,61.59,57.58,60.79,1554374
13-Apr-16,57.75,59.94,57.12,58.09,1596051
12-Apr-16,56.91,57.30,55.84,56.98,528645
11-Apr-16,57.96,58.45,56.80,57.05,536685
8-Apr-16,56.29,58.76,56.29,57.68,937117
7-Apr-16,55.96,56.67,55.01,55.69,389734
6-Apr-16,55.00,56.61,54.52,56.19,618627
5-Apr-16,55.86,56.39,54.51,54.77,551025
4-Apr-16,55.09,57.02,54.82,56.60,513987
1-Apr-16,54.90,55.43,54.57,54.89,680608
31-Mar-16,55.15,56.75,54.59,55.65,544608
30-Mar-16,56.90,57.38,54.82,55.15,876007
29-Mar-16,53.90,56.74,53.81,56.52,945543
28-Mar-16,56.68,56.68,53.50,53.90,747759
24-Mar-16,56.25,56.76,55.28,56.48,518280
23-Mar-16,58.07,58.07,55.98,56.52,584936
22-Mar-16,57.72,58.32,57.67,57.86,493445
21-Mar-16,58.35,59.65,57.34,58.09,549793
18-Mar-16,57.97,58.64,56.01,58.37,716253
17-Mar-16,55.82,57.12,54.98,55.82,631352
16-Mar-16,55.21,56.57,55.21,55.86,771080
15-Mar-16,56.88,57.17,54.99,55.47,565203
14-Mar-16,59.15,60.10,57.01,57.15,683695
11-Mar-16,56.36,59.63,56.36,59.36,896065
10-Mar-16,55.80,57.30,54.97,56.03,696502
9-Mar-16,55.45,56.16,54.83,55.74,743254
8-Mar-16,56.04,56.29,54.78,55.03,716451
7-Mar-16,55.55,56.72,55.00,56.29,1064440
4-Mar-16,54.47,56.50,53.84,55.70,625331
3-Mar-16,54.50,54.73,53.35,54.25,507207
2-Mar-16,52.18,56.69,52.18,54.75,1229837
1-Mar-16,53.93,54.57,52.60,53.00,752834
29-Feb-16,53.35,54.15,51.70,53.00,884937
26-Feb-16,54.69,55.70,52.00,53.89,1188553
25-Feb-16,54.47,54.83,52.80,53.75,904131
24-Feb-16,54.35,55.69,52.37,55.36,919970
23-Feb-16,56.00,56.86,54.45,54.77,721820
22-Feb-16,54.50,56.64,54.50,56.13,1004860
19-Feb-16,51.54,53.91,51.41,53.83,788654
18-Feb-16,52.23,53.22,51.17,51.71,840458
17-Feb-16,50.29,53.06,49.59,52.09,935120
16-Feb-16,46.69,50.61,46.21,49.80,1677055
12-Feb-16,44.61,44.82,42.57,44.28,1885654
11-Feb-16,44.61,45.12,43.05,43.96,1490281
10-Feb-16,47.61,48.18,44.08,45.65,1753878
9-Feb-16,47.65,50.42,45.91,46.84,1166616
8-Feb-16,49.23,49.96,47.35,48.53,1641590
5-Feb-16,54.72,55.49,50.60,51.07,1180868
4-Feb-16,53.47,56.43,52.89,55.20,1022700
3-Feb-16,54.63,55.97,52.90,52.98,1035761
2-Feb-16,56.04,56.67,53.94,54.48,880331
1-Feb-16,54.90,56.64,51.39,56.18,2120397
29-Jan-16,55.64,57.78,55.52,56.10,850331
28-Jan-16,55.00,56.22,54.37,54.86,909240
27-Jan-16,55.00,56.71,54.37,55.51,887663
26-Jan-16,56.14,56.22,54.50,55.43,843814
25-Jan-16,56.16,57.02,54.89,56.74,717294
22-Jan-16,56.81,59.54,55.09,56.42,684392
21-Jan-16,54.52,57.31,53.41,55.57,648785
20-Jan-16,54.75,55.05,50.69,54.59,1763863
19-Jan-16,56.08,58.59,54.96,56.10,1107835
15-Jan-16,56.51,57.15,54.69,55.06,776748
14-Jan-16,56.91,59.48,56.91,58.55,541538
13-Jan-16,60.37,60.37,55.24,56.72,639604
12-Jan-16,60.10,60.88,59.02,59.87,576894
11-Jan-16,61.83,62.21,58.90,59.42,937950
8-Jan-16,61.92,63.53,61.35,61.57,580010
7-Jan-16,61.23,62.94,60.42,61.32,810848
6-Jan-16,62.66,65.33,62.38,63.80,653175
5-Jan-16,62.36,64.83,62.36,63.34,529102
4-Jan-16,63.11,63.94,60.57,62.36,1208580
31-Dec-15,64.87,66.00,64.34,65.96,266662
30-Dec-15,65.86,65.89,64.57,64.92,189753
29-Dec-15,65.00,66.40,63.38,65.88,546453
28-Dec-15,65.05,66.48,62.38,65.39,1126216
24-Dec-15,66.70,67.19,65.99,66.18,170980
23-Dec-15,65.53,66.93,65.41,66.71,274720
22-Dec-15,65.39,66.70,64.90,65.45,444758
21-Dec-15,68.00,68.00,64.02,65.47,826875
18-Dec-15,69.62,70.11,67.95,67.96,1080635
17-Dec-15,68.20,70.27,68.20,69.38,1342995
16-Dec-15,65.58,68.41,65.42,68.24,1212266
15-Dec-15,63.92,66.00,63.42,65.00,651378
14-Dec-15,61.68,63.01,61.05,62.47,469885
11-Dec-15,62.78,62.79,60.96,61.77,782736
10-Dec-15,64.00,64.73,62.10,63.58,830688
9-Dec-15,62.00,65.36,62.00,64.12,1245798
8-Dec-15,61.00,62.42,60.50,62.42,637465
7-Dec-15,61.72,62.45,60.37,61.41,646047
4-Dec-15,62.15,63.00,60.85,61.72,853598
3-Dec-15,62.80,63.54,61.45,62.18,1546438
2-Dec-15,64.00,64.00,62.11,62.65,2153626
1-Dec-15,59.81,64.27,59.81,64.00,1853837
30-Nov-15,59.00,61.54,57.55,60.21,8205089
27-Nov-15,56.90,58.27,56.71,58.10,1503721
25-Nov-15,55.40,59.15,55.32,57.33,1534668
24-Nov-15,53.21,54.35,52.56,54.35,735811
23-Nov-15,53.48,53.96,52.47,53.06,746974
20-Nov-15,52.40,53.82,52.39,53.07,1401864
19-Nov-15,52.38,53.22,51.90,52.14,550848
18-Nov-15,52.14,52.17,50.85,51.91,635181
17-Nov-15,52.75,53.87,51.82,52.29,705813
16-Nov-15,52.30,53.57,51.16,52.50,1152922
13-Nov-15,54.12,54.25,51.07,52.56,1983219
12-Nov-15,52.53,54.45,52.02,54.16,1252108
11-Nov-15,54.00,55.10,52.05,52.29,769740
10-Nov-15,54.03,54.57,52.04,53.95,1029854
9-Nov-15,53.11,54.95,52.28,54.17,1206335
6-Nov-15,52.02,52.95,51.18,52.84,739712
5-Nov-15,52.62,54.12,50.72,52.10,917540
4-Nov-15,53.90,55.36,52.64,52.85,1776144
3-Nov-15,52.50,54.28,52.08,53.20,973679
2-Nov-15,52.30,53.22,51.91,52.85,777033
30-Oct-15,51.67,53.17,51.67,52.49,2200702
29-Oct-15,50.77,52.32,49.74,52.31,1505219
28-Oct-15,50.90,51.51,49.60,51.32,898925
27-Oct-15,53.58,53.58,50.20,51.26,2586505
26-Oct-15,50.71,54.07,50.36,52.55,3883451
23-Oct-15,49.64,50.39,49.23,50.02,1103175
22-Oct-15,48.48,49.82,48.10,48.64,1250333
21-Oct-15,49.79,50.18,48.80,49.42,631606
20-Oct-15,50.85,51.13,49.74,50.32,1514183
19-Oct-15,51.00,51.58,50.18,51.06,567740
16-Oct-15,51.81,52.00,50.77,51.21,1087908
15-Oct-15,50.18,51.95,49.81,51.20,1122752
14-Oct-15,52.00,52.00,49.62,50.63,724777
13-Oct-15,51.61,52.40,51.01,52.18,606477
12-Oct-15,51.43,52.95,51.36,52.04,1630925
9-Oct-15,49.90,51.14,49.30,50.35,685576
8-Oct-15,48.44,50.00,47.02,49.86,1099708
7-Oct-15,48.18,50.10,46.67,48.75,1627073
6-Oct-15,48.51,49.67,47.80,48.77,576242
5-Oct-15,48.00,49.13,47.48,48.59,927004
2-Oct-15,46.20,48.30,45.90,47.72,1166999
1-Oct-15,46.97,47.28,43.82,45.49,851456
30-Sep-15,44.00,47.46,43.98,47.05,2545622
29-Sep-15,40.84,44.40,40.80,43.88,1672626
28-Sep-15,40.87,41.93,40.01,41.22,1237540
25-Sep-15,42.30,42.47,41.05,41.26,1014936
24-Sep-15,40.94,42.50,40.87,42.31,967238
23-Sep-15,41.93,43.10,41.32,41.45,1037921
22-Sep-15,42.64,43.38,41.45,41.99,2042911
21-Sep-15,43.71,43.81,42.82,43.00,1356579
18-Sep-15,43.34,43.97,41.33,43.69,858081
17-Sep-15,42.52,43.44,40.89,42.65,1250917
16-Sep-15,42.18,43.93,41.97,43.50,1809522
15-Sep-15,40.11,42.56,37.72,42.19,2639892
14-Sep-15,42.73,42.73,40.49,40.59,1335204
11-Sep-15,42.60,43.21,42.00,42.99,911659
10-Sep-15,44.33,44.92,42.53,42.90,460218
9-Sep-15,44.65,45.72,43.94,44.49,1541755
8-Sep-15,44.20,46.48,44.02,44.42,1210461
4-Sep-15,44.01,44.53,42.68,43.00,1233871
3-Sep-15,45.19,45.74,43.87,44.43,926687
2-Sep-15,43.35,45.30,43.01,45.19,984703
1-Sep-15,43.45,44.16,41.00,43.25,766097
31-Aug-15,46.50,46.97,45.32,45.46,884362
28-Aug-15,47.67,49.25,45.69,46.12,713040
27-Aug-15,47.07,48.80,46.87,48.16,1385053
26-Aug-15,45.27,45.82,44.00,45.58,1329138
25-Aug-15,45.71,45.79,43.76,44.33,2697286
24-Aug-15,40.68,43.88,39.84,42.80,1986600
21-Aug-15,41.91,46.95,41.34,43.51,3316427
20-Aug-15,45.54,45.71,41.84,41.96,2723525
19-Aug-15,48.42,48.42,45.76,46.00,1283197
18-Aug-15,48.43,49.13,46.87,47.99,1574227
17-Aug-15,50.81,51.21,48.83,49.90,670841
14-Aug-15,50.60,51.91,50.55,50.59,415725
13-Aug-15,52.71,53.07,50.50,50.55,798954
12-Aug-15,53.33,53.33,51.01,51.53,1669403
11-Aug-15,57.00,57.50,53.67,53.85,1758547
10-Aug-15,58.05,58.39,56.82,56.93,1354658
7-Aug-15,57.21,60.46,56.93,57.02,1097648
6-Aug-15,57.13,58.84,56.54,57.14,1131872
5-Aug-15,58.04,58.29,56.06,56.51,693390
4-Aug-15,57.20,58.58,56.17,57.01,1038970
3-Aug-15,59.78,60.05,55.92,56.75,840439
31-Jul-15,60.03,60.49,59.05,59.39,227888
30-Jul-15,59.99,60.63,59.19,60.24,641241
29-Jul-15,61.00,62.47,58.94,59.89,829296
28-Jul-15,62.25,62.78,59.91,60.32,893824
27-Jul-15,62.00,63.27,61.13,62.89,847212
24-Jul-15,68.51,68.51,65.00,65.25,739051
23-Jul-15,65.50,69.00,65.32,68.57,953921
22-Jul-15,65.13,65.13,63.37,64.99,753456
21-Jul-15,62.15,64.95,61.87,64.78,707020
20-Jul-15,61.42,62.60,60.39,62.15,680200
17-Jul-15,61.32,62.09,60.36,61.54,971602
16-Jul-15,60.00,61.10,59.56,60.55,941883
15-Jul-15,61.29,61.99,58.92,59.31,574914
14-Jul-15,61.49,63.60,61.48,62.11,609732
13-Jul-15,61.93,63.80,60.58,62.28,1197304
10-Jul-15,63.05,63.85,59.45,61.02,1656125
9-Jul-15,65.00,66.99,60.59,60.69,1792910
8-Jul-15,55.68,62.37,55.68,60.61,1780673
7-Jul-15,58.79,61.30,50.28,60.70,5492089
6-Jul-15,61.98,62.60,60.32,61.05,2010694
2-Jul-15,63.94,63.95,62.22,62.60,481490
1-Jul-15,63.91,64.89,63.15,63.68,616708
30-Jun-15,64.11,64.89,63.24,64.06,771222
29-Jun-15,61.25,62.91,59.78,62.76,1439132
26-Jun-15,65.18,66.27,60.00,62.75,1712017
25-Jun-15,69.08,69.11,65.42,66.45,1182024
24-Jun-15,71.96,72.45,68.60,69.12,1118721
23-Jun-15,72.20,73.95,71.83,72.40,637015
22-Jun-15,74.25,74.25,70.65,71.66,653275
19-Jun-15,75.29,75.64,72.06,73.56,1058683
18-Jun-15,77.68,77.95,75.01,75.77,982806
17-Jun-15,77.40,79.36,76.94,77.80,520171
16-Jun-15,76.21,76.71,75.00,76.35,545161
15-Jun-15,76.13,77.45,76.09,76.51,476341
12-Jun-15,76.00,78.01,75.84,77.42,1229913
11-Jun-15,78.90,79.24,74.57,76.11,1450702
10-Jun-15,81.33,81.42,78.74,78.94,1028494
9-Jun-15,81.56,82.77,80.55,81.33,737067
8-Jun-15,80.42,82.00,79.30,81.80,1854742
5-Jun-15,76.14,80.70,75.42,80.42,1196555
4-Jun-15,76.00,76.67,75.49,76.40,337114
3-Jun-15,77.22,77.40,75.54,76.16,627289
2-Jun-15,76.45,77.58,75.90,77.04,480332
1-Jun-15,75.79,76.96,74.39,76.82,920136
29-May-15,75.03,75.57,74.52,75.01,402911
28-May-15,76.40,76.70,74.01,75.03,688856
27-May-15,77.69,79.92,77.32,77.51,631582
26-May-15,78.00,79.52,75.07,77.29,1429088
22-May-15,78.26,79.65,78.00,79.11,713058
21-May-15,78.26,78.99,77.00,77.76,1019777
20-May-15,78.26,79.19,77.28,77.98,601654
19-May-15,80.77,81.96,78.28,78.69,714541
18-May-15,79.92,81.99,79.35,80.71,1013320
15-May-15,79.89,80.92,78.84,80.32,1014893
14-May-15,77.01,81.43,77.00,80.51,1807102
13-May-15,77.90,78.64,76.75,77.20,1250868
12-May-15,77.97,78.99,77.42,78.51,1119323
11-May-15,78.54,80.60,78.10,79.10,791451
8-May-15,79.53,79.60,77.70,78.37,1051519
7-May-15,77.25,79.35,74.96,79.08,807403
6-May-15,79.04,79.39,76.59,77.42,889887
5-May-15,76.70,79.76,76.52,78.61,942163
4-May-15,79.13,79.72,77.01,78.16,1007973
1-May-15,77.00,80.93,76.32,78.71,1742154
30-Apr-15,75.80,76.57,71.90,76.28,1039936
29-Apr-15,75.80,78.35,74.58,76.76,1678588
28-Apr-15,82.69,83.61,77.31,77.70,2005246
27-Apr-15,79.15,83.71,78.91,81.69,2626024
24-Apr-15,78.00,80.40,77.68,79.42,1197833
23-Apr-15,75.22,79.34,75.17,78.26,1926540
22-Apr-15,72.61,75.69,72.60,75.56,1733011
21-Apr-15,71.31,74.30,70.42,72.36,2344798
20-Apr-15,68.90,70.08,66.38,69.51,3234375
17-Apr-15,63.75,73.02,63.68,70.50,8791258
16-Apr-15,64.73,69.10,63.72,67.57,3131481
15-Apr-15,64.81,66.32,61.29,63.72,8510047
14-Apr-15,52.27,69.24,52.00,67.87,16482075
13-Apr-15,54.51,54.75,49.80,50.83,1919528
10-Apr-15,54.35,54.88,53.46,54.13,465622
9-Apr-15,54.40,56.00,52.81,54.18,1076609
8-Apr-15,54.00,55.03,53.16,54.03,1379950
7-Apr-15,52.55,55.41,52.55,53.99,1320068
6-Apr-15,51.27,53.00,50.63,52.39,434542
2-Apr-15,51.98,52.00,50.98,51.48,470776
1-Apr-15,52.25,52.81,50.98,51.49,907414
31-Mar-15,50.40,54.39,50.10,52.88,1990687
30-Mar-15,50.20,51.83,49.39,50.55,1142566
27-Mar-15,47.57,50.31,47.34,49.83,1173105
26-Mar-15,48.42,48.56,47.23,47.43,1032815
25-Mar-15,49.15,49.15,47.52,48.21,616320
24-Mar-15,49.14,49.61,47.72,49.00,666020
23-Mar-15,47.00,50.15,46.95,49.10,1781755
20-Mar-15,46.51,47.16,45.97,47.03,812288
19-Mar-15,44.85,46.50,44.60,46.39,582281
18-Mar-15,44.07,44.85,43.93,44.59,522405
17-Mar-15,43.60,44.72,43.50,44.06,1850866
16-Mar-15,46.93,46.93,44.94,45.80,567161
13-Mar-15,45.82,47.37,45.33,46.63,1638972
12-Mar-15,43.96,46.08,43.77,45.98,1288989
11-Mar-15,43.55,44.76,41.05,44.27,782592
10-Mar-15,43.43,43.94,43.00,43.52,452684
9-Mar-15,43.67,45.48,43.62,44.38,1619210
6-Mar-15,41.97,42.26,41.48,41.72,786674
5-Mar-15,41.91,42.05,41.10,41.96,478130
4-Mar-15,40.54,43.40,40.08,42.00,858609
3-Mar-15,41.05,41.14,39.90,39.98,475610
2-Mar-15,41.44,42.34,40.97,41.04,540533
27-Feb-15,41.50,42.72,41.30,41.68,658788
26-Feb-15,42.79,42.96,41.08,41.09,526582
25-Feb-15,42.10,42.90,42.01,42.40,233160
24-Feb-15,42.72,42.82,41.98,42.35,246284
23-Feb-15,43.42,43.97,42.08,42.47,352276
20-Feb-15,43.92,44.05,43.01,43.38,279773
19-Feb-15,44.11,45.00,43.70,44.01,286680
18-Feb-15,42.99,44.50,42.88,44.12,578398
17-Feb-15,42.35,44.98,41.84,42.95,768736
13-Feb-15,38.20,42.39,37.86,42.05,1177719
12-Feb-15,37.78,38.45,37.50,38.26,792424
11-Feb-15,37.77,38.27,37.43,37.71,485135
10-Feb-15,37.94,38.10,37.55,37.75,349968
9-Feb-15,37.92,38.11,37.53,37.55,361304
6-Feb-15,38.71,38.79,37.64,37.88,289973
5-Feb-15,39.50,39.75,38.72,38.89,336061
4-Feb-15,38.76,39.71,38.68,39.27,431206
3-Feb-15,37.84,38.65,37.36,38.49,547210
2-Feb-15,38.37,38.56,37.15,37.35,404020
30-Jan-15,39.59,39.81,38.25,38.47,557730
29-Jan-15,40.07,40.20,38.81,40.00,434691
28-Jan-15,39.88,40.74,39.66,40.00,509519
27-Jan-15,39.74,40.00,38.90,39.56,469799
26-Jan-15,40.38,41.20,39.41,39.62,454152
23-Jan-15,39.67,41.40,39.67,40.51,498707
22-Jan-15,40.79,41.44,39.61,39.69,954774
21-Jan-15,39.29,41.14,39.09,40.76,400330
20-Jan-15,39.49,39.83,38.00,39.41,418148
16-Jan-15,39.86,40.44,39.05,39.59,1041726
15-Jan-15,40.77,40.95,39.42,39.69,718893
14-Jan-15,39.38,40.38,38.82,40.37,591837
13-Jan-15,40.47,40.89,38.97,39.10,342634
12-Jan-15,40.80,40.98,40.00,40.25,394987
9-Jan-15,41.83,42.00,40.35,40.62,237607
8-Jan-15,41.13,42.15,40.56,41.55,748058
7-Jan-15,41.00,41.41,40.09,40.44,574377
6-Jan-15,42.38,42.53,40.15,40.57,520290
5-Jan-15,42.17,43.50,41.87,42.54,740546
2-Jan-15,41.92,42.30,41.32,41.90,424552
31-Dec-14,41.09,41.97,40.81,41.55,220056
30-Dec-14,42.00,42.01,40.39,41.08,312142
29-Dec-14,42.78,42.78,41.55,42.04,341089
26-Dec-14,41.80,42.89,41.72,42.78,319180
24-Dec-14,40.76,41.75,40.75,41.54,166460
23-Dec-14,41.70,42.15,40.62,40.69,279783
22-Dec-14,42.10,42.40,41.66,42.03,446769
19-Dec-14,39.83,42.20,39.52,42.12,1106225
18-Dec-14,40.64,41.86,39.63,39.72,656260
17-Dec-14,39.65,40.44,39.00,40.14,397926
16-Dec-14,41.07,41.08,39.51,39.58,605134
15-Dec-14,42.79,43.46,41.18,41.57,643479
12-Dec-14,40.88,43.99,40.64,43.02,704009
11-Dec-14,40.10,42.82,40.09,41.71,956994
10-Dec-14,43.00,43.15,38.91,40.01,2058409
9-Dec-14,42.85,43.97,41.32,43.36,1032376
8-Dec-14,47.77,47.77,42.67,44.33,2171904
5-Dec-14,48.32,49.75,47.50,48.36,832929
4-Dec-14,48.45,49.00,47.85,48.39,670288
3-Dec-14,47.60,48.74,46.85,48.70,1503494
2-Dec-14,48.46,48.50,46.80,47.77,1193124
1-Dec-14,47.79,48.70,46.60,48.50,1287532
28-Nov-14,47.61,48.80,47.16,48.79,481791
26-Nov-14,46.60,47.91,46.29,47.90,455500
25-Nov-14,46.73,46.75,46.11,46.60,249092
24-Nov-14,46.08,46.80,46.03,46.49,484046
21-Nov-14,46.16,47.34,46.15,46.28,587485
20-Nov-14,45.79,46.00,44.63,45.50,1019683
19-Nov-14,45.35,46.20,44.99,46.01,797083
18-Nov-14,46.23,46.51,45.50,45.73,532796
17-Nov-14,45.69,46.98,45.69,46.53,872027
14-Nov-14,44.44,46.20,44.43,46.03,1169827
13-Nov-14,45.53,46.69,44.65,44.82,1177887
12-Nov-14,41.48,46.39,40.11,46.12,4353890
11-Nov-14,40.48,41.96,40.22,41.49,694868
10-Nov-14,40.13,41.19,39.84,40.13,699133
7-Nov-14,39.37,40.33,38.80,40.13,307719
6-Nov-14,40.96,40.96,39.31,39.49,529403
5-Nov-14,41.15,41.40,39.89,40.73,1490067
4-Nov-14,40.05,41.25,39.70,41.08,935999
3-Nov-14,39.14,40.89,39.14,39.67,880850
31-Oct-14,38.62,40.00,38.15,39.57,1031692
30-Oct-14,37.05,38.25,36.81,38.10,458607
29-Oct-14,38.80,38.80,36.68,37.18,662858
28-Oct-14,37.25,38.57,37.04,38.50,441271
27-Oct-14,37.80,38.05,37.07,37.23,586393
24-Oct-14,37.64,38.24,37.62,38.05,547825
23-Oct-14,38.00,38.60,37.56,38.15,568312
22-Oct-14,38.05,39.10,37.75,37.83,719902
21-Oct-14,38.80,39.34,37.04,38.20,1114000
20-Oct-14,36.80,38.68,36.80,38.31,757958
17-Oct-14,37.36,38.86,36.54,36.63,661669
16-Oct-14,35.50,37.13,35.50,36.62,617794
15-Oct-14,35.48,36.49,34.64,35.93,715554
14-Oct-14,35.62,37.11,35.36,35.54,625637
13-Oct-14,35.81,36.52,34.64,36.20,880684
10-Oct-14,36.34,36.78,35.20,35.80,627887
9-Oct-14,36.34,37.18,36.30,36.85,1046517
8-Oct-14,36.14,36.70,35.35,35.88,810392
7-Oct-14,35.54,37.15,35.04,36.14,901918
6-Oct-14,37.22,37.64,35.38,35.59,1758763
3-Oct-14,38.08,38.41,36.67,36.72,714886
2-Oct-14,36.12,37.64,36.04,37.23,814650
1-Oct-14,37.19,37.32,35.50,35.89,932065
30-Sep-14,38.28,38.40,36.28,37.25,2289279
29-Sep-14,37.45,39.90,37.39,38.00,2527834
26-Sep-14,37.50,37.70,36.40,37.40,804830
25-Sep-14,37.50,39.06,37.06,37.58,2182655
24-Sep-14,36.94,38.12,35.99,38.12,1319374
23-Sep-14,34.78,37.08,34.70,37.00,2827357
22-Sep-14,35.15,36.40,34.78,34.91,4175158
19-Sep-14,38.67,38.97,34.70,34.97,3038344
18-Sep-14,39.05,39.29,38.14,38.41,1130475
17-Sep-14,39.64,39.67,38.84,39.11,889691
16-Sep-14,38.08,39.90,37.25,39.63,1911634
15-Sep-14,39.27,39.36,36.61,38.18,2011452
12-Sep-14,39.30,39.75,38.98,39.34,710527
11-Sep-14,39.22,39.90,38.58,39.26,1329861
10-Sep-14,41.17,41.98,38.43,38.70,2251368
9-Sep-14,42.00,42.30,40.81,41.14,782461
8-Sep-14,41.81,42.38,41.35,42.02,936690
5-Sep-14,41.23,41.91,40.88,41.91,576032
4-Sep-14,41.99,42.40,41.14,41.48,956894
3-Sep-14,43.50,43.70,41.54,41.57,1133021
2-Sep-14,42.00,43.33,40.32,43.24,1990826
29-Aug-14,43.63,43.67,40.95,41.65,1930131
28-Aug-14,44.38,44.86,42.90,43.08,2292785
27-Aug-14,46.22,46.53,44.72,45.03,1289071
26-Aug-14,45.42,47.45,45.04,46.65,1718806
25-Aug-14,45.17,45.70,42.63,45.60,2915008
22-Aug-14,45.71,45.72,43.55,45.16,3828157
21-Aug-14,46.15,47.88,45.30,46.73,5743598
20-Aug-14,53.10,53.48,50.37,50.59,1981665
19-Aug-14,53.61,54.95,53.04,53.40,1781934
18-Aug-14,50.57,53.90,50.54,52.53,2470684
15-Aug-14,50.43,51.80,49.35,49.97,1359222
14-Aug-14,50.13,51.48,49.71,49.86,614167
13-Aug-14,50.75,50.75,49.05,50.00,761917
12-Aug-14,51.72,52.48,50.15,50.51,597001
11-Aug-14,49.78,51.70,48.55,50.75,1150576
8-Aug-14,49.22,49.79,48.11,48.92,678625
7-Aug-14,49.61,50.98,48.62,48.93,507526
6-Aug-14,49.50,50.37,49.18,49.46,559170
5-Aug-14,51.00,51.45,49.65,49.98,606554
4-Aug-14,49.73,51.96,49.55,51.25,569299
1-Aug-14,49.22,50.96,48.30,48.98,913396
31-Jul-14,53.00,53.05,48.61,49.15,1911497
30-Jul-14,53.63,54.39,52.60,53.88,697992
29-Jul-14,54.17,55.78,53.00,53.01,1128403
28-Jul-14,50.44,55.35,50.44,54.04,1739467
25-Jul-14,52.00,52.65,50.10,50.23,861315
24-Jul-14,50.71,52.88,50.71,52.00,875739
23-Jul-14,52.31,52.88,50.34,50.68,663209
22-Jul-14,50.59,52.85,50.33,52.41,1125233
21-Jul-14,48.59,51.49,47.80,50.18,1445372
18-Jul-14,48.28,49.36,47.82,48.28,495183
17-Jul-14,48.50,49.46,48.10,48.33,567200
16-Jul-14,49.56,50.13,48.57,48.66,391503
15-Jul-14,48.67,50.00,47.83,49.24,878678
14-Jul-14,50.40,50.76,48.52,48.66,834518
11-Jul-14,50.28,51.80,49.70,50.00,1066850
10-Jul-14,47.93,51.94,47.80,50.09,1452172
9-Jul-14,48.51,50.67,48.35,49.89,1265905
8-Jul-14,52.73,53.05,48.03,48.18,3013622
7-Jul-14,55.00,56.20,52.30,52.83,1486904
3-Jul-14,55.08,55.83,53.00,55.35,598451
2-Jul-14,53.41,57.50,52.90,55.05,2368837
1-Jul-14,54.39,54.93,51.90,53.14,2500357
30-Jun-14,55.20,55.97,53.41,54.06,3448867
27-Jun-14,51.77,56.50,48.59,54.90,6722180
26-Jun-14,46.56,52.69,46.14,52.22,4718011
25-Jun-14,44.57,46.50,44.47,45.89,930809
24-Jun-14,44.20,46.24,44.09,44.88,1207564
23-Jun-14,43.54,44.85,43.01,44.28,932666
20-Jun-14,44.80,45.00,43.00,43.99,822586
19-Jun-14,46.64,46.80,44.53,44.66,990836
18-Jun-14,45.74,46.80,45.18,46.73,988320
17-Jun-14,45.35,46.80,45.10,45.62,1011098
16-Jun-14,46.74,47.00,44.30,45.43,1285660
13-Jun-14,45.11,46.82,44.85,46.66,604039
12-Jun-14,45.36,46.40,44.53,45.11,1186275
11-Jun-14,42.01,45.78,42.01,45.64,1544570
10-Jun-14,41.05,42.95,40.48,42.64,1184679
9-Jun-14,40.66,41.50,40.37,41.41,649639
6-Jun-14,40.79,41.25,40.29,40.84,319227
5-Jun-14,40.13,41.21,39.83,40.38,727895
4-Jun-14,39.03,40.47,38.89,40.11,505887
3-Jun-14,39.34,40.19,38.74,39.28,699191
2-Jun-14,39.75,40.14,38.37,39.43,736079
30-May-14,40.93,41.45,39.18,40.20,1247570
29-May-14,39.70,41.97,39.22,41.57,1161318
28-May-14,40.00,40.60,39.03,39.75,691641
27-May-14,37.49,40.19,37.36,40.05,1726397
23-May-14,38.30,38.99,37.19,37.25,1205872
22-May-14,38.39,41.80,37.59,38.29,2974879
21-May-14,39.08,42.01,38.35,41.73,2154027
20-May-14,39.08,39.74,37.87,39.19,993613
19-May-14,37.73,38.83,37.00,38.78,1159845
16-May-14,37.65,38.59,36.71,38.16,727402
15-May-14,38.04,38.29,36.56,37.50,1033239
14-May-14,38.00,38.52,37.10,38.51,707674
13-May-14,38.94,39.94,37.41,37.91,614765
12-May-14,37.61,40.00,37.61,39.34,1214280
9-May-14,37.75,38.43,36.41,36.92,1538980
8-May-14,38.05,39.86,37.60,38.02,1102933
7-May-14,39.90,40.01,35.75,37.97,2163545
6-May-14,42.01,42.17,39.09,39.29,1307424
5-May-14,40.93,43.48,40.12,42.74,855052
2-May-14,42.27,43.64,41.03,41.59,1264285
1-May-14,40.62,44.36,39.94,42.57,1115084
30-Apr-14,38.66,40.04,37.52,39.78,1360649
29-Apr-14,40.72,41.47,38.33,38.72,1089905
28-Apr-14,41.60,42.15,39.33,39.88,1161227
25-Apr-14,42.94,43.39,40.76,41.31,1056806
24-Apr-14,46.48,46.48,43.07,43.92,1477135
23-Apr-14,46.80,47.92,45.51,46.42,742171
22-Apr-14,43.28,49.05,42.59,46.77,2071791
21-Apr-14,44.48,44.48,41.40,43.63,679245
17-Apr-14,42.31,43.43,41.42,43.03,665252
16-Apr-14,43.49,43.74,41.14,42.69,794534
15-Apr-14,42.53,43.79,39.04,42.52,1264113
14-Apr-14,44.34,45.29,42.01,42.93,841264
11-Apr-14,42.25,46.35,41.27,43.29,1573235
10-Apr-14,46.25,47.48,42.73,43.97,2175097
9-Apr-14,43.36,48.00,43.00,47.03,1975312
8-Apr-14,39.20,43.58,38.72,43.45,2175775
7-Apr-14,39.76,40.40,36.16,37.83,1761677
4-Apr-14,42.38,43.64,39.62,40.21,1380737
3-Apr-14,45.73,45.73,42.29,42.29,1561568
2-Apr-14,46.44,47.00,44.00,45.54,1213964
1-Apr-14,42.88,46.98,41.98,46.80,2235716
31-Mar-14,41.16,41.93,40.01,41.63,1095828
28-Mar-14,37.48,44.19,37.43,40.33,7135293
27-Mar-14,39.47,41.50,36.86,39.15,2449889
26-Mar-14,44.00,44.00,39.00,39.55,1692166
25-Mar-14,43.72,44.99,43.23,43.70,989165
24-Mar-14,45.53,45.53,41.84,43.00,1374033
21-Mar-14,47.30,49.99,45.50,46.27,1052131
20-Mar-14,48.45,48.68,46.01,46.29,1077075
19-Mar-14,50.13,50.60,48.80,49.17,462295
18-Mar-14,49.79,50.85,48.40,50.16,476624
17-Mar-14,50.61,51.52,48.30,49.48,1061396
14-Mar-14,49.90,52.60,48.81,51.82,1110290
13-Mar-14,55.96,56.70,50.22,50.61,1273318
12-Mar-14,51.39,55.88,48.60,55.51,1414036
11-Mar-14,53.15,56.29,52.18,52.39,980229
10-Mar-14,57.11,57.76,52.10,52.39,1685334
7-Mar-14,53.65,58.89,53.25,58.32,1698984
6-Mar-14,53.12,54.20,50.90,53.59,618418
5-Mar-14,52.89,54.34,49.86,52.33,912253
4-Mar-14,52.04,52.75,49.47,52.57,1412711
3-Mar-14,46.55,50.68,46.29,50.60,1409621
28-Feb-14,48.19,50.12,45.36,47.29,3345990
27-Feb-14,41.21,42.60,40.08,41.99,713068
26-Feb-14,38.43,42.20,38.29,40.71,698506
25-Feb-14,38.90,39.11,37.50,38.45,571813
24-Feb-14,39.73,39.85,38.00,38.66,499651
21-Feb-14,41.50,41.82,39.50,39.78,593515
20-Feb-14,38.78,41.16,38.53,40.95,659902
19-Feb-14,39.40,40.43,37.70,38.78,665249
18-Feb-14,37.37,40.00,37.27,39.89,1377512
14-Feb-14,35.20,37.50,35.15,36.14,843697
13-Feb-14,35.29,35.44,34.42,35.08,397946
12-Feb-14,34.31,35.84,34.31,35.37,466844
11-Feb-14,36.00,36.52,33.90,34.24,704099
10-Feb-14,36.02,37.00,35.70,36.01,587933
7-Feb-14,36.15,36.38,34.60,35.42,406588
6-Feb-14,32.48,37.11,32.24,36.65,1383462
5-Feb-14,34.90,35.15,31.60,31.90,1758483
4-Feb-14,36.48,36.48,34.80,35.05,461127
3-Feb-14,37.80,37.87,35.46,35.66,617844
31-Jan-14,36.50,37.87,36.12,37.61,279514
30-Jan-14,36.26,39.00,36.26,37.01,297812
29-Jan-14,37.64,37.75,36.13,36.84,737925
28-Jan-14,35.25,38.76,35.25,38.34,879524
27-Jan-14,35.88,36.77,34.12,34.65,706963
24-Jan-14,37.50,39.48,35.78,35.89,810376
23-Jan-14,38.99,39.97,36.84,38.25,1511578
22-Jan-14,42.03,43.05,40.74,41.00,436855
21-Jan-14,43.50,43.86,39.40,41.89,1117833
17-Jan-14,45.50,45.50,42.27,43.51,581159
16-Jan-14,45.10,45.60,43.60,44.87,344275
15-Jan-14,43.35,45.39,42.86,44.52,831757
14-Jan-14,42.03,42.68,41.31,41.85,319712
13-Jan-14,41.97,43.68,40.83,41.96,643064
10-Jan-14,42.50,43.28,40.19,41.58,421429
9-Jan-14,41.77,43.62,39.09,42.37,1081847
8-Jan-14,40.95,43.77,40.77,41.75,853213
7-Jan-14,37.20,42.00,37.20,40.72,1782099
6-Jan-14,36.70,37.91,35.85,37.13,412542
3-Jan-14,37.91,41.73,36.32,36.71,1672039
2-Jan-14,38.28,38.52,36.75,37.99,487946
31-Dec-13,39.27,39.49,35.87,38.34,1085604
30-Dec-13,38.78,39.83,37.55,38.97,1270496
27-Dec-13,35.50,39.63,34.21,38.99,1481170
26-Dec-13,31.43,35.74,31.40,35.73,856074
24-Dec-13,31.75,31.98,31.05,31.32,199869
23-Dec-13,31.75,32.02,31.45,31.72,622922
20-Dec-13,30.95,31.85,30.76,31.26,828391
19-Dec-13,30.09,30.62,29.74,30.49,211475
18-Dec-13,29.75,30.33,29.50,30.04,289802
17-Dec-13,29.29,29.66,28.75,29.66,223341
16-Dec-13,30.25,30.80,29.00,29.29,297995
13-Dec-13,31.20,32.43,29.80,30.15,608442
12-Dec-13,30.10,31.49,29.33,31.20,483939
11-Dec-13,29.79,30.75,29.50,29.70,464412
10-Dec-13,29.84,30.20,29.06,29.58,260988
9-Dec-13,31.00,31.47,29.00,29.46,286331
6-Dec-13,31.15,31.70,30.00,30.09,370771
5-Dec-13,30.00,31.18,29.25,31.15,542412
4-Dec-13,28.15,30.19,27.66,29.93,833924
3-Dec-13,30.10,31.05,28.01,28.11,1397572
2-Dec-13,32.75,32.78,30.00,30.84,960113
29-Nov-13,34.00,34.00,31.55,32.71,695018
27-Nov-13,33.50,34.60,32.39,33.51,1855660
26-Nov-13,33.43,38.15,33.30,37.30,766187
25-Nov-13,33.59,34.81,31.66,32.62,383197
22-Nov-13,36.98,38.70,32.63,33.59,1004458
21-Nov-13,36.00,37.21,36.00,36.45,322132
20-Nov-13,36.10,37.50,35.80,35.95,405675
19-Nov-13,35.19,37.68,35.00,35.88,748860
18-Nov-13,34.27,35.80,34.20,34.74,489832
15-Nov-13,35.32,35.53,34.00,34.11,688831
14-Nov-13,37.83,37.83,34.83,35.50,802910
13-Nov-13,33.10,38.50,32.50,36.00,1462317
12-Nov-13,32.20,33.60,31.37,33.14,744972
11-Nov-13,29.00,34.45,28.50,31.88,1671376
8-Nov-13,26.00,28.79,25.70,28.54,1087304
7-Nov-13,26.41,27.73,25.66,26.47,827448
6-Nov-13,27.56,27.58,26.00,26.62,919610
5-Nov-13,24.40,28.00,24.31,27.38,1391622
4-Nov-13,24.97,25.24,24.03,24.58,1092277
1-Nov-13,25.10,26.00,24.47,25.00,2780259
31-Oct-13,21.20,27.00,21.00,24.12,20628489
